L=[9814006.920]% 297814.320 9813260.530 295620.940 9816258.910 298521.270 9813443.795	297348.473]    
   	
   
   	
   
   
   



