Px=[-13.81
-12.77
63.754
51.541
-77.425
-73.594
3.328
-3.823];
Py=[38.525
-16.291
49.82
-10.573
39.31
-15.499
50.492
-9.889];

